numbers        size  i   count    k
-----------------------------------
1, 2, 2, 2, 3       5  
                                    0
                                               0
                                    1
                                                       1
1,2,2,2,3
                                                        2
1,2,2,2,3
                                                        3
1,2,2,3,3
                                                        4
                                                        X
                                                 1
                            4
                                                        1
1,2,2,3,3
                                                        2
1,2,3,3,3
                                                         3
                                                         X
                                                  2
                           3
                                     2
